# Thu 19:19:20 19-Dec-2024
begin	rectify1_fts_blue
	task	fitcoords
	axis	1
	units	
	surface	26
		2.
		3.
		6.
		1.
		1.
		1559.
		1.
		75.
		4477.645220316588
		1341.874751238396
		10.80194233694293
		7.660863137724251
		1.96233840857227
		1.345386438393774
		-0.943707122897514
		1.217560483420035
		0.5684640872491538
		0.2683485414804698
		-0.3101767380961286
		-0.6019787341670903
		-0.07742934914388898
		0.2526759291967678
		0.1378749537253736
		-0.0929107685345385
		-0.1845615737978253
		0.4011526588156969
