# Thu 08:00:36 19-Dec-2024
begin	rectify1_fts_red
	task	fitcoords
	axis	1
	units	
	surface	26
		2.
		3.
		6.
		1.
		1.
		1792.
		1.
		100.
		7536.944835645676
		3125.865086506418
		6.527416047273774
		25.32213426817759
		-0.8008710020262871
		0.9782473026233011
		-0.1943569589776985
		-0.4227057881443151
		-0.09403822342924335
		-0.2321396230054225
		-0.5281822016296167
		0.08398566589085626
		-0.1142288308014548
		-0.527356573809299
		-0.3401956742796081
		-0.3472878319380428
		0.01905050216637531
		-0.1744631759159574
