# Thu 19:17:03 19-Dec-2024
begin	rectify_fts_blue
	task	fitcoords
	axis	2
	units	
	surface	26
		2.
		6.
		3.
		1.
		1.
		1559.
		1.
		187.
		540.4540759951138
		-37.61545824290394
		-104.437706366664
		8.079814189894672
		27.11815909768924
		-23.8338694055948
		141.8707993170749
		20.26623364384895
		-136.8580419097996
		106.5611672054121
		26.30810007647741
		-1.385483955034393
		54.45769736187836
		-61.67586896377391
		-40.90038766559626
		-2.415937177371937
		0.60867571970368
		-0.1123202506414244
