# Thu 07:12:43 19-Dec-2024
begin	rectify_fts_red
	task	fitcoords
	axis	2
	units	
	surface	32
		2.
		6.
		4.
		1.
		1.
		1801.
		1.
		351.
		179.1869180828952
		-67.45652607049149
		-46.25545756864319
		21.23587821789112
		-0.9990275327056332
		6.989356236003396
		170.9906187529467
		-12.94797061430178
		-10.49976714666312
		-18.9456598368153
		-15.25089325311679
		3.166399927494579
		3.572390426075966
		9.685621214033837
		19.06133473907443
		13.42188361817512
		6.395473903669276
		11.93260563654752
		-1.195447189567443
		-5.167253849623409
		-2.917992804003028
		-9.424329426053459
		-7.242957895365529
		3.412180493441547
# Thu 07:59:12 19-Dec-2024
begin	rectify_red
	task	fitcoords
	axis	2
	units	
	surface	32
		2.
		6.
		4.
		1.
		1.
		1801.
		1.
		351.
		179.1869257719348
		-67.45638514789317
		-46.25533194756084
		21.23588258990922
		-0.9990081824647549
		6.989362166502105
		170.9903994430851
		-12.94809766178706
		-10.4998926726092
		-18.9458143553914
		-15.25091864109038
		3.166417044743444
		3.572403059826251
		9.685901010854219
		19.06156668883605
		13.42183999421029
		6.395475092979073
		11.93259674183784
		-1.19558176063973
		-5.167267418843286
		-2.917982417950519
		-9.424329412499293
		-7.242953822489969
		3.412183271173001
